vertices = [
0.951057, -1.000000, -0.309017,
0.809018, -1.000000, -0.587786,
0.809018, 1.000000, -0.587786,
0.951057, 1.000000, -0.309017,
0.587786, -1.000000, -0.809017,
0.587786, 1.000000, -0.809017,
0.309017, -1.000000, -0.951057,
0.309017, 1.000000, -0.951057,
0.000000, -1.000000, -1.000000,
0.000000, 1.000000, -1.000000,
-0.309017, -1.000000, -0.951057,
-0.309017, 1.000000, -0.951057,
-0.587785, -1.000000, -0.809017,
-0.587785, 1.000000, -0.809017,
-0.809017, -1.000000, -0.587785,
-0.809017, 1.000000, -0.587785,
-0.951057, -1.000000, -0.309017,
-0.951057, 1.000000, -0.309017,
-1.000000, -1.000000, 0.000000,
-1.000000, 1.000000, 0.000000,
-0.951057, -1.000000, 0.309017,
-0.951057, 1.000000, 0.309017,
-0.809017, -1.000000, 0.587785,
-0.809017, 1.000000, 0.587785,
-0.587785, -1.000000, 0.809017,
-0.587785, 1.000000, 0.809017,
-0.309017, -1.000000, 0.951057,
-0.309017, 1.000000, 0.951057,
-0.000000, -1.000000, 1.000000,
-0.000000, 1.000000, 1.000000,
0.309017, -1.000000, 0.951057,
0.309017, 1.000000, 0.951057,
0.587785, -1.000000, 0.809017,
0.587785, 1.000000, 0.809017,
0.809017, -1.000000, 0.587785,
0.809017, 1.000000, 0.587785,
0.951057, -1.000000, 0.309017,
0.951057, 1.000000, 0.309017,
1.000000, -1.000000, 0.000000,
1.000000, 1.000000, 0.000000,
0.000000, -1.000000, 0.000000,
0.000000, 1.000000, 0.000000

];
triangles = [
0, 1, 2, 3, 1, 4, 5, 2, 4, 6, 7, 5, 6, 8, ];
